[sheetla_patle.jpg]
filters=finetune2=1,0.116959,0.056140,0.109474,00000000,0.000000;
moddate=757c6ea2bee7d901
width=500
height=500
textactive=0
[login_banner.jpg]
filters=sat=1,0.263158;finetune2=1,0.000000,0.061754,0.131930,00000000,0.000000;
moddate=76f16551a3efd901
width=1500
height=644
textactive=0
